koul
['60.jpg', '13.jpg', '90.jpg', '63.jpg', '78.jpg', '70.jpg', '57.jpg', '99.jpg', '16.jpg', '100.jpg']
1.7375190258026123
1.2337044477462769
0.6472253203392029
1.023539662361145
1.6503344774246216
1.2458752393722534
6.6228508949279785
1.6024736166000366
2.705495834350586
2.3579697608947754
2.2042956352233887
2.3888816833496094
3.086243152618408
2.718430519104004
7.779714584350586
0.4451580047607422
4.0839314460754395
1.1756292581558228
1.2159407138824463
1.6601457595825195
1.4778417348861694
6.268455982208252
2.228567600250244
2.583585500717163
0.7683774828910828
1.1960642337799072
0.8382805585861206
6.289881229400635
2.0699303150177
2.2779860496520996
1.1896026134490967
0.952278196811676
6.1155829429626465
2.2549972534179688
2.2016913890838623
1.0102741718292236
5.345439910888672
2.9374637603759766
1.5753470659255981
5.826143741607666
2.5723750591278076
1.8933199644088745
7.6751790046691895
4.8337531089782715
3.936765432357788
lamb
['2.jpg', '16.jpg', '5.jpg', '13.jpg', '21.jpg', '32.jpg', '31.jpg', '22.jpg', '36.jpg', '7.jpg']
5.925235748291016
3.9627087116241455
5.9253716468811035
5.199564456939697
5.449526309967041
6.140536785125732
3.5603554248809814
5.773393154144287
4.085982799530029
4.090430736541748
4.515247821807861
3.9112000465393066
6.001464366912842
4.757109642028809
5.067538261413574
4.511078834533691
4.179435729980469
3.508013963699341
4.550617218017578
5.672771453857422
5.797340393066406
4.331600189208984
5.400225639343262
3.248379707336426
5.797560214996338
6.978614807128906
6.743890762329102
6.090628623962402
5.907924175262451
5.247199535369873
6.335509777069092
4.527854919433594
4.203648567199707
5.244558334350586
4.015257358551025
4.869588851928711
4.711276531219482
5.434438705444336
4.643217086791992
5.075107097625732
4.086709499359131
4.97401237487793
5.019304275512695
3.6275529861450195
4.988034248352051
beryl
['9.jpg', '18.jpg', '11.jpg', '5.jpg', '14.jpg', '10.jpg', '16.jpg', '17.jpg', '7.jpg', '4.jpg']
9.282562255859375
9.955794334411621
10.69864559173584
9.34839153289795
7.722001552581787
9.469094276428223
8.546961784362793
9.699475288391113
11.349448204040527
7.405584335327148
7.428302764892578
9.114884376525879
9.213576316833496
8.306896209716797
10.280495643615723
6.704850196838379
8.774102210998535
7.14055061340332
7.656599521636963
8.085226058959961
7.8304572105407715
8.60408878326416
6.980698585510254
8.865379333496094
9.531620025634766
10.261122703552246
8.83026123046875
10.02096176147461
8.662050247192383
10.941620826721191
6.798745155334473
6.006047248840332
6.154857158660889
6.604313373565674
10.410990715026855
7.849678993225098
6.895876884460449
8.754556655883789
10.401482582092285
6.411588668823242
5.5302557945251465
9.40224838256836
7.383705139160156
11.677552223205566
8.951333045959473
ty
['1.jpg', '25.jpg', '10.jpg', '6.jpg', '19.jpg', '3.jpg', '16.jpg', '21.jpg', '20.jpg', '13.jpg']
10.500150680541992
9.61800765991211
9.656700134277344
9.143244743347168
7.832159996032715
10.618719100952148
8.212252616882324
9.520262718200684
8.119377136230469
9.046265602111816
10.600404739379883
9.154780387878418
10.51174259185791
8.09626293182373
10.067915916442871
10.435710906982422
8.714555740356445
9.494268417358398
8.88157844543457
9.086182594299316
8.141424179077148
8.213717460632324
8.759976387023926
6.31323766708374
8.875587463378906
7.6863861083984375
8.110820770263672
7.2293500900268555
10.61928653717041
8.037434577941895
8.035219192504883
9.178848266601562
6.9976396560668945
8.09858226776123
7.051122188568115
8.643352508544922
6.247467517852783
8.733316421508789
7.672184467315674
8.677303314208984
9.321924209594727
8.433899879455566
8.980133056640625
6.751554489135742
7.736240863800049
prof
['13.jpg', '7.jpg', '11.jpg', '14.jpg', '12.jpg', '1.jpg', '2.jpg', '3.jpg', '9.jpg', '5.jpg']
8.38283920288086
7.498147010803223
4.455547332763672
6.726650238037109
7.745236396789551
8.067209243774414
6.929133415222168
6.494512557983398
7.023690700531006
11.216320037841797
8.436311721801758
9.573390007019043
11.55643081665039
11.575518608093262
11.224860191345215
11.03414249420166
10.724648475646973
8.938514709472656
8.35098934173584
7.412193775177002
6.520724773406982
4.499870300292969
6.30377197265625
6.300754070281982
8.062093734741211
8.170620918273926
8.611348152160645
8.325139999389648
8.010369300842285
6.90657901763916
9.399139404296875
8.460601806640625
7.923358917236328
7.107895851135254
7.90964412689209
7.969499588012695
6.5572638511657715
6.657147407531738
6.703118324279785
5.390667915344238
5.660606861114502
5.6008524894714355
4.231180191040039
5.5234808921813965
5.853883743286133
jh
['5.jpg', '25.jpg', '4.jpg', '21.jpg', '13.jpg', '11.jpg', '22.jpg', '19.jpg', '3.jpg', '2.jpg']
7.150179386138916
8.040776252746582
6.87117338180542
8.04778003692627
8.049756050109863
8.242897987365723
8.716285705566406
6.688448905944824
8.745549201965332
8.919306755065918
8.311856269836426
7.969096660614014
7.088760852813721
8.38965129852295
6.942155838012695
8.577183723449707
7.590106010437012
10.360946655273438
9.107120513916016
8.787729263305664
8.829133033752441
9.283073425292969
9.2968168258667
10.378655433654785
8.051643371582031
9.4910249710083
10.115165710449219
9.233095169067383
6.942476749420166
8.214735984802246
8.57724380493164
10.746797561645508
7.620678424835205
8.96856689453125
6.696926593780518
9.171029090881348
7.662370204925537
9.356485366821289
10.105624198913574
10.617351531982422
9.02536678314209
11.104392051696777
10.284939765930176
9.77009391784668
8.548738479614258
mst
['25.jpg', '3.jpg', '9.jpg', '19.jpg', '22.jpg', '41.jpg', '11.jpg', '44.jpg', '35.jpg', '42.jpg']
5.702099800109863
5.575977802276611
3.7450032234191895
3.465311050415039
4.398622035980225
4.991882801055908
3.2878832817077637
4.119138240814209
6.195269584655762
3.0169243812561035
4.688225746154785
4.27332878112793
4.527607440948486
3.997756004333496
5.138015270233154
4.088637828826904
4.531475067138672
4.204133987426758
3.6113104820251465
4.681690692901611
3.7338263988494873
4.678310394287109
3.96232271194458
4.624744892120361
2.372857093811035
3.6409947872161865
3.378828287124634
2.639888286590576
2.549626350402832
5.338931083679199
4.137386322021484
3.637068748474121
2.9637093544006348
2.9027657508850098
5.310628890991211
3.4794232845306396
3.6845920085906982
3.912306070327759
5.83657169342041
3.9830191135406494
4.368312358856201
5.328901767730713
3.0313165187835693
5.046647548675537
4.734303951263428
alin
['14.jpg', '1.jpg', '20.jpg', '17.jpg', '15.jpg', '6.jpg', '5.jpg', '8.jpg', '10.jpg', '19.jpg']
10.307490348815918
11.548596382141113
11.04474925994873
10.408895492553711
11.181421279907227
11.467827796936035
9.710992813110352
9.061380386352539
9.230792999267578
8.683259963989258
10.734790802001953
7.961419105529785
8.631806373596191
9.079307556152344
7.991693496704102
6.940283298492432
9.723450660705566
9.759798049926758
9.843751907348633
9.8378324508667
10.746708869934082
8.567303657531738
9.066493034362793
8.893149375915527
9.995695114135742
10.979185104370117
11.223031997680664
10.423027038574219
9.269012451171875
10.411486625671387
6.56643533706665
8.858121871948242
8.691852569580078
6.70406436920166
8.066649436950684
8.533766746520996
10.190323829650879
8.55270004272461
10.641134262084961
11.634628295898438
9.257052421569824
10.831033706665039
7.17702579498291
7.734772682189941
7.661350727081299
scc
['22.jpg', '37.jpg', '27.jpg', '40.jpg', '46.jpg', '12.jpg', '23.jpg', '14.jpg', '47.jpg', '21.jpg']
3.1050899028778076
2.0747199058532715
2.4141335487365723
3.7967946529388428
2.713449001312256
1.5788010358810425
1.08482825756073
3.6320791244506836
1.7811119556427002
2.215761661529541
1.7756720781326294
3.671015739440918
2.178062677383423
2.726001739501953
3.2291226387023926
3.2096970081329346
2.6740479469299316
1.885745882987976
3.837266683578491
2.644228935241699
2.1924080848693848
2.2446680068969727
3.7274913787841797
2.238306760787964
3.1695754528045654
1.847834825515747
1.9669792652130127
2.6144661903381348
2.832632541656494
2.000904083251953
2.417048692703247
3.03804087638855
4.2789459228515625
1.78677499294281
2.7199959754943848
1.9965283870697021
2.9857914447784424
2.0628116130828857
1.821820616722107
1.8145278692245483
2.8549132347106934
1.0025767087936401
3.976738691329956
2.0035336017608643
2.485790967941284
shine
['8.jpg', '12.jpg', '16.jpg', '6.jpg', '9.jpg', '5.jpg', '19.jpg', '17.jpg', '15.jpg', '13.jpg']
8.84056568145752
9.1100492477417
10.472090721130371
8.529139518737793
7.428153991699219
9.389622688293457
9.414603233337402
11.997920036315918
10.934657096862793
7.1495537757873535
10.039153099060059
9.25765323638916
8.175430297851562
8.796514511108398
7.747987270355225
11.2733154296875
9.052462577819824
10.13653564453125
9.671188354492188
7.784416198730469
10.090453147888184
8.310257911682129
11.737053871154785
9.651116371154785
11.16977310180664
10.894777297973633
11.115140914916992
10.811861038208008
14.103928565979004
11.317336082458496
8.996220588684082
7.278890132904053
10.168288230895996
9.807624816894531
9.194388389587402
10.638262748718262
10.102497100830078
11.093437194824219
10.091864585876465
9.872359275817871
10.268182754516602
9.10326099395752
11.4341402053833
9.360464096069336
9.770279884338379
ben
['S__326124488.jpg0 .jpg', 'S__32612436.jpg1.jpg', 'S__32612443.jpg1.jpg', 'S__32612444.jpg0.jpg', 'S__32612438.jpg1.jpg', 'S__32612442.jpg0.jpg', 'S__32612441.jpg0.jpg', 'S__32612447.jpg0.jpg', 'S__32612440.jpg1.jpg', 'S__32612445.jpg0.jpg']
2.4239614009857178
2.843691349029541
4.043362140655518
5.1906208992004395
6.2362847328186035
3.8233072757720947
0.0
4.822806358337402
2.5374209880828857
2.6354384422302246
3.2671172618865967
4.716926097869873
6.1362690925598145
3.3437538146972656
2.4239614009857178
4.272593021392822
1.8794504404067993
3.383883237838745
4.970229625701904
6.110962867736816
4.220865726470947
2.843691349029541
4.9258294105529785
3.1190285682678223
4.644631862640381
6.223073959350586
3.866447925567627
4.043362140655518
5.109920024871826
4.001490116119385
6.208427906036377
4.6982574462890625
5.1906208992004395
5.401124477386475
4.853878498077393
6.638864994049072
6.2362847328186035
6.53583288192749
6.174445152282715
3.8233072757720947
5.9252448081970215
3.6489953994750977
4.822806358337402
2.5374209880828857
3.6787960529327393
